2.322361619	0.001041534
2.322611682	-0.001530903
2.322861745	0.003403458
2.323111808	-0.008854048
2.323361871	0.003637747
2.323611934	0.002275963
2.323861997	-0.002000471
2.324112061	0.010722079
2.324362124	-0.008666147
2.324612187	0.00607227
2.32486225	-0.003836715
2.325112313	-0.003456627
2.325362376	-0.004837692
2.325612439	0.000271948
2.325862503	0.004785405
2.326112566	0.004878291
2.326362629	-0.008532014
2.326612692	0.002706715
2.326862755	-0.003418749
2.327112818	0.003910223
2.327362881	0.006041203
2.327612945	0.001993744
2.327863008	-0.001981243
2.328113071	-0.002793075
2.328363134	0.003782788
2.328613197	-0.004906629
2.32886326	-0.001620273
2.329113324	-0.001994293
2.329363387	0.001010633
2.32961345	0.000771759
2.329863513	0.001711557
2.330113576	-0.000978422
2.330363639	-0.002407478
2.330613702	-0.002672561
2.330863766	0.000227356
2.331113829	0.000419442
2.331363892	0.003843728
2.331613955	0.004056624
2.331864018	0.001686996
2.332114081	-0.001456872
2.332364144	-0.000409003
2.332614208	-0.000428545
2.332864271	0.001392739
2.333114334	-0.001457261
2.333364397	-0.000243134
2.33361446	-0.002403121
2.333864523	-0.001662187
2.334114586	-0.000319295
2.33436465	0.000265973
2.334614713	0.000243549
2.334864776	2.32504E-05
2.335114839	-0.00013505
2.335364902	0.000323971
2.335614965	0.000682105
2.335865029	0.000560277
2.336115092	0.000231385
2.336365155	0.000292753
2.336615218	-0.000798019
2.336865281	0.001401354
2.337115344	-3.28656E-05
2.337365407	0.00081168
2.337615471	-3.45337E-05
2.337865534	0.000723417
2.338115597	-0.000999691
2.33836566	-0.000744457
2.338615723	-0.002123051
2.338865786	-0.000140586
2.339115849	0.000300152
2.339365913	0.000510613
2.339615976	0.000575447
2.339866039	0.000248318
2.340116102	0.00047889
2.340366165	0.000804439
2.340616228	-0.000987488
2.340866291	-0.000846236
2.341116355	-0.000198793
2.341366418	0.000344705
2.341616481	0.000519589
2.341866544	0.000279534
2.342116607	0.000213573
2.34236667	-0.000631059
2.342616733	-4.19007E-05
2.342866797	-0.000243028
2.34311686	0.000289163
2.343366923	0.000140567
2.343616986	0.00067112
2.343867049	-0.000403274
2.344117112	-0.000211702
2.344367176	-0.000965065
2.344617239	0.000548925
2.344867302	0.000410695
2.345117365	-0.000345162
2.345367428	0.000498978
2.345617491	-0.000289901
2.345867554	-0.000473425
2.346117618	0.000287671
2.346367681	-0.000792427
2.346617744	0.000559897
2.346867807	0.000812016
2.34711787	0.002541687
2.347367933	0.003436301
2.347617996	0.002935181
2.347868031	0.002782898
2.348118038	0.00342872
2.348368045	0.003751613
2.348618052	0.003933184
2.348868058	0.005010997
2.349118065	0.005534897
2.349368072	0.006628753
2.349618079	0.008089007
2.349868085	0.008714393
2.350118092	0.007911088
2.350368099	0.007650377
2.350618106	0.009484979
2.350868113	0.010383563
2.351118119	0.011372356
2.351368126	0.012321695
2.351618133	0.01257908
2.35186814	0.014465404
2.352118146	0.013790293
2.352368153	0.016583419
2.35261816	0.016350803
2.352868167	0.016800449
2.353118173	0.018304489
2.35336818	0.020049508
2.353618187	0.020915807
2.353868194	0.021593436
2.3541182	0.02335168
2.354368207	0.025982247
2.354618214	0.025155793
2.354868221	0.026905846
2.355118228	0.030606225
2.355368234	0.03033727
2.355618241	0.033578465
2.355868248	0.035122378
2.356118255	0.036303049
2.356368261	0.037717649
2.356618268	0.040411321
2.356868275	0.041434038
2.357118282	0.043425181
2.357368288	0.045614488
2.357618295	0.048123873
2.357868302	0.050598601
2.358118309	0.053645699
2.358368315	0.053536003
2.358618322	0.059371108
2.358868329	0.061701193
2.359118336	0.062518953
2.359368343	0.065118831
2.359618349	0.070638631
2.359868356	0.073096332
2.360118363	0.077603468
2.36036837	0.082678363
2.360618376	0.085028613
2.360868383	0.091037453
2.36111839	0.094002107
2.361368397	0.097461222
2.361618403	0.104641213
2.36186841	0.106680349
2.362118417	0.113031211
2.362368424	0.118479451
2.36261843	0.123070935
2.362868437	0.131496908
2.363118444	0.13594653
2.363368451	0.141306923
2.363618457	0.153633272
2.363868464	0.160905377
2.364118471	0.169779895
2.364368478	0.182760326
2.364618485	0.192525884
2.364868491	0.202952091
2.365118498	0.218132432
2.365368505	0.230628065
2.365618512	0.247702533
2.365868518	0.264190487
2.366118525	0.279434081
2.366368532	0.300448701
2.366618539	0.325906391
2.366868545	0.349076584
2.367118552	0.37590642
2.367368559	0.408218626
2.367618566	0.443425913
2.367868572	0.479510589
2.368118579	0.525594231
2.368368586	0.56930638
2.368618593	0.625429175
2.3688686	0.687328807
2.369118606	0.764907266
2.369368613	0.852045196
2.36961862	0.946242189
2.369868627	1.056048244
2.370118633	1.19207525
2.37036864	1.32812983
2.370618647	1.480069503
2.370868654	1.627770726
2.37111866	1.759893436
2.371368667	1.870749866
2.371618674	1.953808482
2.371868681	2.019024409
2.372118687	2.052776895
2.372368694	2.049618536
2.372618701	2.039161518
2.372868708	2.014875058
2.373118715	2.001883455
2.373368721	1.989524862
2.373618728	1.992013423
2.373868735	1.987607009
2.374118742	1.989176596
2.374368748	1.975505594
2.374618755	1.972187559
2.374868762	1.965023163
2.375118769	1.9685453
2.375368775	1.957283808
2.375618782	1.954146307
2.375868789	1.938752392
2.376118796	1.909514084
2.376368802	1.869710685
2.376618809	1.816863773
2.376868816	1.751026232
2.377118823	1.689022749
2.37736883	1.617645916
2.377618836	1.556409315
2.377868843	1.492877951
2.37811885	1.438668605
2.378368857	1.39073173
2.378618863	1.34140326
2.37886887	1.285005666
2.379118877	1.244494069
2.379368884	1.193313811
2.37961889	1.145977281
2.379868897	1.11037584
2.380118904	1.070156048
2.380368911	1.031043249
2.380618917	0.999843255
2.380868924	0.970988306
2.381118931	0.949388571
2.381368938	0.926861327
2.381618944	0.913176743
2.381868951	0.910349911
2.382118958	0.904669028
2.382368965	0.896823669
2.382618972	0.905200214
2.382868978	0.90508649
2.383118985	0.911399164
2.383368992	0.923848459
2.383618999	0.933098557
2.383869005	0.949694797
2.384119012	0.967851771
2.384369019	0.982547267
2.384619026	0.993928407
2.384869032	1.013906844
2.385119039	1.031025142
2.385369046	1.04711504
2.385619053	1.050502446
2.385869059	1.065007705
2.386119066	1.074301371
2.386369073	1.082307332
2.38661908	1.083624928
2.386869087	1.089219894
2.387119093	1.078319543
2.3873691	1.070512482
2.387619107	1.072168984
2.387869114	1.058354471
2.38811912	1.053081026
2.388369127	1.051130596
2.388619134	1.048488309
2.388869141	1.044043472
2.389119147	1.034418518
2.389369154	1.028930825
2.389619161	1.028696393
2.389869168	1.020149171
2.390119174	1.011840857
2.390369181	1.008610845
2.390619188	1.003326823
2.390869195	1.000593855
2.391119202	0.993359613
2.391369208	0.998143175
2.391619215	0.99493405
2.391869222	0.990174558
2.392119229	0.990008977
2.392369235	0.994954771
2.392619242	0.991333811
2.392869249	0.990419311
2.393119256	0.985319722
2.393369262	0.986484815
2.393619269	0.988510506
2.393869276	0.980085277
2.394119283	0.992383141
2.394369289	0.984824916
2.394619296	0.981983124
2.394869303	0.987404632
2.39511931	0.98595714
2.395369316	0.986113062
2.395619323	0.987642142
2.39586933	0.990100788
2.396119337	0.980441264
2.396369344	0.977569606
2.39661935	0.976695016
2.396869357	0.982352048
2.397119364	0.975220802
2.397369371	0.966607227
2.397619377	0.968314949
2.397869384	0.958175888
2.398119391	0.956490181
2.398369398	0.948029797
2.398619404	0.942521173
2.398869411	0.940375495
2.399119418	0.938358703
2.399369425	0.930637979
2.399619431	0.93021173
2.399869438	0.933355972
2.400119445	0.931139464
2.400369452	0.927932767
2.400619459	0.934291489
2.400869465	0.934035988
2.401119472	0.935019895
2.401369479	0.937502205
2.401619486	0.943809986
2.401869492	0.955296385
2.402119499	0.956246058
2.402369506	0.961506385
2.402619513	0.972138756
2.402869519	0.968512982
2.403119526	0.975215099
2.403369533	0.97933358
2.40361954	0.986858036
2.403869546	0.98879302
2.404119553	0.993173271
2.40436956	0.996426843
2.404619567	1.001852655
2.404869574	0.998999542
2.40511958	1.014422106
2.405369587	1.006339736
2.405619594	1.01521904
2.405869601	1.011526978
2.406119607	1.015368299
2.406369614	1.021195192
2.406619621	1.012637333
2.406869628	1.028010436
2.407119634	1.019597602
2.407369641	1.021766895
2.407619648	1.026484992
2.407869655	1.026198883
2.408119661	1.024245004
2.408369668	1.021524964
2.408619675	1.02378393
2.408869682	1.018821234
2.409119689	1.018124729
2.409369695	1.024832042
2.409619702	1.017181212
2.409869709	1.017578467
2.410119716	1.019800536
2.410369722	1.015841462
2.410619729	1.019532632
2.410869736	1.015586347
2.411119743	1.013989791
2.411369749	1.018983568
2.411619756	1.015868832
2.411869763	1.021620604
2.41211977	1.023784027
2.412369776	1.017562531
2.412619783	1.020701688
2.41286979	1.023825599
2.413119797	1.018280979
2.413369803	1.017880019
2.41361981	1.023134371
2.413869817	1.018282243
2.414119824	1.019214404
2.414369831	1.019942003
2.414619837	1.023526028
2.414869844	1.02528971
2.415119851	1.01852549
2.415369858	1.032546831
2.415619864	1.029139642
2.415869871	1.035760633
2.416119878	1.024659667
2.416369885	1.033277872
2.416619891	1.033821951
2.416869898	1.028664666
2.417119905	1.031920655
2.417369912	1.025266866
2.417619918	1.023149292
2.417869925	1.026474421
2.418119932	1.029940677
2.418369939	1.024038595
2.418619946	1.027764819
2.418869952	1.027953125
2.419119959	1.031606249
2.419369966	1.027690748
2.419619973	1.025973678
2.419869979	1.029993115
2.420119986	1.016926113
2.420369993	1.020727297
2.42062	0.986237224
2.420870006	1.044559275
2.421120013	1.032965008
2.42137002	1.01058115
2.421620027	1.013499993
2.421870033	1.015979724
2.42212004	1.001660403
2.422370047	1.002220269
2.422620054	1.000552204
2.422870061	1.006343745
2.423120067	0.994328898
2.423370074	0.996415611
2.423620081	0.972701113
2.423870088	0.984788989
2.424120094	0.984596803
2.424370101	0.963825808
2.424620108	0.96454467
2.424870115	0.969032211
2.425120121	0.975414394
2.425370128	0.969298253
2.425620135	0.972157308
2.425870142	0.96520599
2.426120148	0.952379994
2.426370155	0.958741271
2.426620162	0.949272614
2.426870169	0.955435508
2.427120175	0.946182539
2.427370182	0.947038639
