2322.111613	-0.002160961
2322.361676	0.005161463
2322.611739	0.000146759
2322.861802	-0.003396222
2323.111865	-0.003531054
2323.361928	-0.00129232
2323.611991	0.001783442
2323.862055	0.004179334
2324.112118	0.004696998
2324.362181	0.002854603
2324.612244	-0.000827635
2324.862307	-0.004903409
2325.11237	-0.007502278
2325.362433	-0.007101497
2325.612497	-0.003266408
2325.86256	0.002962204
2326.112623	0.009249998
2326.362686	0.013609192
2326.612749	0.011842166
2326.862812	-0.000347877
2327.112875	-0.002321964
2327.362939	-0.016484929
2327.613002	-0.018650475
2327.863065	-0.017494046
2328.113128	-0.000523773
2328.363191	0.015421281
2328.613254	0.025002017
2328.863318	0.019078406
2329.113381	0.004256635
2329.363444	-0.010342139
2329.613507	-0.01178123
2329.86357	-0.01054718
2330.113633	-0.005196554
2330.363696	-0.002272475
2330.61376	0.003038109
2330.863823	7.48E-05
2331.113886	-0.000382028
2331.363949	-0.002423675
2331.614012	0.002918338
2331.864075	0.003710709
2332.114138	0.008377344
2332.364202	0.009272117
2332.614265	0.003702332
2332.864328	-0.002920124
2333.114391	-0.007548572
2333.364454	-0.009464155
2333.614517	-0.008508746
2333.86458	-0.00175918
2334.114644	0.000834859
2334.364707	0.00460292
2334.61477	0.003726142
2334.864833	0.001752548
2335.114896	0.001128216
2335.364959	0.004736194
2335.615023	0.00366059
2335.865086	-0.000120881
2336.115149	-0.002542022
2336.365212	-0.003263507
2336.615275	-0.002954526
2336.865338	-0.002248323
2337.115401	-0.003015722
2337.365465	-0.000509316
2337.615528	0.000942503
2337.865591	0.00372607
2338.115654	0.004612413
2338.365717	0.002120646
2338.61578	-0.000551289
2338.865843	-0.001678411
2339.115907	-0.003399308
2339.36597	-0.001830852
2339.616033	0.000571615
2339.866096	0.001066309
2340.116159	4.96E-05
2340.366222	0.00031209
2340.616285	0.0005538
2340.866349	0.00137331
2341.116412	0.002181138
2341.366475	0.005323875
2341.616538	0.007392122
2341.866601	0.009048668
2342.116664	0.007668083
2342.366727	0.00375022
2342.616791	-0.000312003
2342.866854	-0.003240349
2343.116917	-0.003958493
2343.36698	-0.002481387
2343.617043	0.00059111
2343.867106	0.002963803
2344.11717	0.004888075
2344.367233	0.00649396
2344.617295	0.006417666
2344.867359	0.006173945
2345.117423	0.004764485
2345.367486	0.003622218
2345.617549	0.003987451
2345.86761	0.003794838
2346.117672	0.003268522
2346.367737	0.002256355
2346.617804	0.001878609
2346.86787	0.002012362
2347.117931	0.002030852
2347.36798	0.002151339
2347.618016	0.002459784
2347.868037	0.001962882
2348.118046	0.000167605
2348.368049	-0.002218887
2348.618051	-0.002937951
2348.868055	-0.002524408
2349.118063	-0.000930223
2349.368073	3.72E-05
2349.618082	0.000558745
2349.868088	0.001240493
2350.118093	0.00162372
2350.368098	0.001849901
2350.618106	0.002574308
2350.868114	0.003945378
2351.118121	0.005868241
2351.368127	0.006412744
2351.618134	0.006818241
2351.86814	0.005389254
2352.118147	0.004918376
2352.368154	0.004756398
2352.618161	0.005178087
2352.868167	0.006981803
2353.118174	0.008845013
2353.368181	0.009261568
2353.618188	0.009265462
2353.868194	0.009893724
2354.118201	0.011111003
2354.368208	0.012663355
2354.618215	0.013185476
2354.868222	0.012583404
2355.118228	0.011271944
2355.368235	0.009656385
2355.618242	0.009348299
2355.868249	0.010107506
2356.118255	0.011762141
2356.368262	0.014492715
2356.618269	0.017444244
2356.868276	0.019719827
2357.118282	0.022653712
2357.368289	0.023338039
2357.618296	0.022876466
2357.868303	0.023236753
2358.118309	0.023812233
2358.368316	0.025501666
2358.618323	0.027072664
2358.86833	0.028769581
2359.118337	0.030831718
2359.368343	0.034327731
2359.61835	0.036118592
2359.868357	0.036781851
2360.118364	0.03778906
2360.36837	0.041802693
2360.618377	0.048055568
2360.868384	0.054933814
2361.118391	0.062377153
2361.368397	0.067876497
2361.618404	0.07167301
2361.868411	0.073896278
2362.118418	0.07590264
2362.368424	0.07955
2362.618431	0.083939793
2362.868438	0.092016676
2363.118445	0.10123371
2363.368451	0.112472035
2363.618458	0.123885674
2363.868465	0.134806135
2364.118472	0.145194269
2364.368479	0.156923606
2364.618485	0.173776349
2364.868492	0.197027348
2365.118499	0.227628049
2365.368506	0.26248896
2365.618512	0.306981734
2365.868519	0.36018455
2366.118526	0.434091762
2366.368533	0.534019827
2366.618539	0.6611516
2366.868546	0.813598708
2367.118553	0.983146356
2367.36856	1.151390583
2367.618566	1.315820582
2367.868573	1.473664213
2368.11858	1.638847568
2368.368587	1.820461167
2368.618594	2.028401365
2368.8686	2.263833562
2369.118607	2.506536542
2369.368614	2.738913392
2369.618621	2.931137538
2369.868627	3.067143315
2370.118634	3.14148869
2370.368641	3.150613608
2370.618648	3.106430891
2370.868654	3.015767214
2371.118661	2.893446584
2371.368668	2.751038915
2371.618675	2.599970299
2371.868681	2.443299536
2372.118688	2.284851683
2372.368695	2.130049648
2372.618702	1.980815237
2372.868709	1.849785197
2373.118715	1.729019649
2373.368722	1.633307936
2373.618729	1.557424017
2373.868736	1.488765512
2374.118742	1.422065132
2374.368749	1.357279767
2374.618756	1.295189404
2374.868763	1.242386152
2375.118769	1.195142872
2375.368776	1.16747665
2375.618783	1.14259255
2375.86879	1.120936318
2376.118796	1.104646319
2376.368803	1.085051962
2376.61881	1.078253243
2376.868817	1.076499821
2377.118824	1.080384454
2377.36883	1.092865749
2377.618837	1.115142708
2377.868844	1.134648954
2378.118851	1.151963448
2378.368857	1.17087754
2378.618864	1.182168708
2378.868871	1.194259892
2379.118878	1.198587481
2379.368884	1.197949217
2379.618891	1.190017326
2379.868898	1.182223066
2380.118905	1.177183258
2380.368911	1.169464511
2380.618918	1.162471645
2380.868925	1.155529823
2381.118932	1.144905504
2381.368938	1.130065604
2381.618945	1.112130821
2381.868952	1.098929047
2382.118959	1.083703251
2382.368966	1.072078389
2382.618972	1.066033247
2382.868979	1.061614709
2383.118986	1.057326649
2383.368993	1.048450034
2383.618999	1.033229322
2383.869006	1.02078653
2384.119013	1.00726383
2384.36902	0.99892632
2384.619026	0.994047396
2384.869033	0.995225636
2385.11904	1.000679379
2385.369047	1.000872912
2385.619053	1.004650929
2385.86906	1.00907322
2386.119067	1.008620765
2386.369074	1.000785705
2386.619081	0.990851314
2386.869087	0.974926089
2387.119094	0.963373447
2387.369101	0.95807542
2387.619108	0.953247741
2387.869114	0.950624483
2388.119121	0.951550244
2388.369128	0.952982441
2388.619135	0.948062257
2388.869141	0.945023576
2389.119148	0.940947403
2389.369155	0.938739222
2389.619162	0.936626383
2389.869168	0.934554497
2390.119175	0.933129662
2390.369182	0.93325971
2390.619189	0.934693592
2390.869196	0.936835571
2391.119202	0.940896362
2391.369209	0.938555684
2391.619216	0.940625161
2391.869223	0.939561231
2392.119229	0.940437095
2392.369236	0.947409107
2392.619243	0.956453249
2392.86925	0.962497668
2393.119256	0.967198262
2393.369263	0.967879424
2393.61927	0.964525483
2393.869277	0.96411211
2394.119283	0.968077857
2394.36929	0.976926343
2394.619297	0.983940621
2394.869304	0.98637906
2395.11931	0.991092312
2395.369317	0.997178624
2395.619324	1.002183722
2395.869331	1.004871652
2396.119338	1.00741398
2396.369344	1.005464918
2396.619351	1.002763717
2396.869358	1.002912848
2397.119365	1.00297143
2397.369371	1.002569833
2397.619378	1.00025525
2397.869385	0.997450787
2398.119392	0.992336421
2398.369398	0.989328161
2398.619405	0.9829525
2398.869412	0.982838176
2399.119419	0.981914129
2399.369425	0.983420908
2399.619432	0.986632684
2399.869439	0.995290766
2400.119446	0.999437031
2400.369453	1.00435949
2400.619459	1.008800144
2400.869466	1.011438551
2401.119473	1.01323462
2401.36948	1.006833048
2401.619486	1.003812166
2401.869493	1.001318185
2402.1195	1.005009231
2402.369507	1.008761915
2402.619513	1.017679753
2402.86952	1.021022067
2403.119527	1.020722683
2403.369534	1.021353723
2403.61954	1.019025644
2403.869547	1.015588879
2404.119554	1.018067738
2404.369561	1.020508999
2404.619568	1.019691654
2404.869574	1.014032782
2405.119581	1.006200117
2405.369588	0.998121119
2405.619595	0.994337964
2405.869601	0.988649722
2406.119608	0.987028646
2406.369615	0.992020115
2406.619622	0.996330565
2406.869628	0.997818849
2407.119635	0.994095436
2407.369642	0.988107448
2407.619649	0.9843891
2407.869655	0.977100353
2408.119662	0.980201135
2408.369669	0.992652686
2408.619676	0.998205513
2408.869683	1.002323599
2409.119689	0.994331681
2409.369696	0.987172724
2409.619703	0.982228792
2409.86971	0.988291551
2410.119716	0.998469297
2410.369723	1.003282639
2410.61973	1.009349446
2410.869737	1.011247248
2411.119743	1.009745845
2411.36975	1.014733965
2411.619757	1.02197123
2411.869764	1.026223643
2412.11977	1.031266363
2412.369777	1.037467849
2412.619784	1.043385817
2412.869791	1.04559914
2413.119797	1.041200335
2413.369804	1.035955765
2413.619811	1.035784434
2413.869818	1.035123316
2414.119825	1.033157614
2414.369831	1.032834094
2414.619838	1.033941919
2414.869845	1.043120449
2415.119852	1.049805318
2415.369858	1.05955003
2415.619865	1.064837082
2415.869872	1.061541895
2416.119879	1.052268793
2416.369885	1.04262578
2416.619892	1.037906316
2416.869899	1.043416885
2417.119906	1.055229612
2417.369912	1.060441296
2417.619919	1.059773171
2417.869926	1.05382415
2418.119933	1.041989547
2418.36994	1.02661698
2418.619946	1.018603992
2418.869953	1.017070244
2419.11996	1.01407589
2419.369967	1.012725939
2419.619973	1.0118665
2419.86998	1.016842173
2420.119987	1.025377945
2420.369994	1.031436087
2420.62	1.027817565
2420.870007	1.020235495
2421.120014	1.01232563
2421.370021	1.005504029
2421.620027	0.993720754
2421.870034	0.982011477
2422.120041	0.978533361
2422.370048	0.976742455
2422.620055	0.981856905
2422.870061	0.986235125
2423.120068	0.985127478
2423.370075	0.978647796
2423.620082	0.973803421
2423.870088	0.967248952
2424.120095	0.959374568
2424.370102	0.951872894
2424.620109	0.947785442
2424.870115	0.950301145
2425.120122	0.960371669
2425.370129	0.974160728
2425.620136	0.982307472
2425.870142	0.973375636
2426.120149	0.942786055
2426.370156	0.904732334
2426.620163	0.896384438
2426.870169	0.948952734
2427.120176	0.976257802
